0	0
3.03E-06	1.46E-11
6.07E-06	5.58E-11
2.12E-05	6.56E-10
9.70E-05	1.35E-08
0.000476151	3.24E-07
0.002371657	8.04E-06
0.011849185	0.000200508
0.05032855	0.003605674
0.141936415	0.028446916
0.312960401	0.135961566
0.598462745	0.478947772
1.02420153	1.296388621
1.613941532	2.751267612
2.324086488	4.335332043
2.61522942	4.73465267
2.906372352	4.899302832
3.170465699	4.821396676
3.413095663	4.713259183
4.253437232	3.968153122
5.091193188	1.941233493
6.063785288	-2.594818794
7.063785288	-8.866314235
7.628900089	-12.18081041
8.194014891	-14.57272186
8.706486767	-15.51983785
8.859985401	-15.53629388
9.013484034	-15.49375783
9.696142233	-14.62144987
10.69614223	-10.98395452
11.69614223	-4.593177718
12.69614223	3.734772494
13.69614223	12.20396549
14.52244278	17.16387917
14.90201951	18.29033964
15.28159624	18.54671782
15.62491641	18.33107821
16.62491641	15.14191928
17.62491641	7.762458275
18.62491641	-2.852139084
19.62491641	-13.63111562
20.62491641	-19.85203333
21.49568838	-18.79545745
22.21233634	-14.51813095
23.21233634	-5.151527013
24.21233634	5.882478426
25.21233634	16.17079678
26.07928139	20.96978917
26.44259696	20.85769706
26.80591254	19.54732413
27.80591254	9.436412919
28.80591254	-7.010803764
29.517315	-17.70309942
30.06751931	-23.16465896
30.61772363	-25.45390887
31.37569814	-24.28139143
32.13367264	-20.06265084
33.13367264	-10.94289217
34.13367264	2.019654344
35.13367264	17.48784513
36.13158242	30.40866753
36.64374927	33.95417845
37.15591611	34.5140195
37.64573696	32.63409773
38.64573696	21.55314176
39.64573696	2.955284886
40.64573696	-17.71653557
41.35878301	-30.21359292
42.07182906	-38.6367954
43.07182906	-41.14385016
43.98558594	-35.04721995
44.98558594	-20.25402677
45.98558594	0.495387517
46.98558594	22.93407586
47.98558594	40.87949529
48.81416578	47.38020243
49.81416578	42.68304159
50.63556034	29.57518197
51.63556034	5.703331435
52.63556034	-18.55894599
53.63556034	-33.91205346
54.14931053	-36.77228652
54.66306073	-36.30521275
55.22277274	-33.24770643
56.22277274	-22.55249542
56.93616902	-11.5785474
57.6495653	0.646477311
58.37055218	11.75475356
59.37055218	20.4043461
60.37055218	18.99510295
61.296329	13.33988396
62.296329	6.217835939
63.11654201	0.900408365
64.11654201	-3.873916128
64.73030731	-5.374684443
64.93337535	-5.575393319
65.13644339	-5.633488142
65.30400551	-5.643572153
65.44697254	-5.616769965
65.949407	-5.498125633
66.13871277	-5.437598577
66.32801854	-5.364707112
66.50126578	-5.284354422
67.13221473	-4.836061668
67.76316369	-4.021514867
68.76316369	-2.154398123
69.76316369	-0.1607938
70.03886446	0.249538332
70.31456523	0.538965829
70.56159635	0.665199248
70.7568622	0.67424954
70.95212805	0.648786749
71.16595358	0.622781312
71.3797791	0.561716901
72.3797791	0.322909416
73.3797791	-0.540272357
74.3797791	-2.012716347
74.93189772	-2.647732989
75.30376133	-2.831036994
75.67562494	-2.932300695
76.15641105	-2.815629859
76.33147934	-2.821411819
76.50654764	-2.816889129
76.65509663	-2.80068813
76.78534964	-2.78282843
77.02291484	-2.785480558
77.21257483	-2.778043434
77.40223483	-2.775046815
77.64962237	-2.778137563
77.8480533	-2.750986075
78.2088685	-2.613987996
78.5696837	-2.484788368
79.24276091	-2.319346058
79.91583812	-2.05462668
80.51718881	-1.550108956
81.1185395	-0.614487242
82.1185395	1.696602307
83.1185395	4.027694188
83.71611657	4.662173689
84.31369364	4.26516857
84.83246699	3.541912883
85.83246699	0.835528689
86.83246699	-4.460296177
87.83246699	-11.33138421
88.55198739	-15.26155123
89.00699267	-16.44251432
89.46199794	-16.33459038
89.96470261	-15.24026911
90.96470261	-10.26911805
91.96470261	-2.438492951
92.96470261	7.00708454
93.96470261	16.44069352
94.95739759	22.1739389
95.95739759	20.80262867
96.89544402	14.64234209
97.89544402	4.837851323
98.89544402	-5.653140169
99.89544402	-14.54304451
100.895444	-19.90507425
101.895444	-20.66067061
102.8507683	-19.11288123
103.8507683	-15.17093081
104.8507683	-8.843093338
105.1804131	-6.331961874
105.5100579	-3.674850059
105.7801511	-1.424379344
106.1097068	1.36484703
106.4392625	4.14606933
106.7092793	6.375605399
107.7092793	13.68097954
108.7092793	18.3122582
109.3005616	19.24627522
109.891844	19.14251772
110.5183065	18.54463708
111.5183065	15.60658438
112.5183065	8.828401484
113.5183065	-2.429202419
114.5183065	-16.69785559
115.5183065	-29.30859542
116.1872041	-33.54026932
116.8561017	-32.87110884
117.5460863	-27.96442273
118.5460863	-14.74303676
119.5460863	2.878102642
120.5460863	21.53266865
121.5460863	36.87901784
122.1847518	42.06952853
122.8234173	42.05201864
123.4609842	37.42566091
124.4609842	21.95848021
125.4609842	0.93561276
126.4609842	-18.74451736
127.4609842	-31.88012758
128.1330907	-35.50719399
128.5995609	-35.38748592
129.066031	-33.74367686
130.066031	-25.80135446
130.7875466	-17.10890828
131.5090622	-7.221266267
132.223391	2.275577021
133.223391	12.58236547
134.223391	17.57984483
135.223391	17.71555854
136.1642472	17.17996762
137.1642472	16.66452122
138.1642472	15.44176559
139.1642472	12.28655809
140.0017759	7.374541995
141.0017759	-1.126292062
142.0017759	-10.37881669
143.0017759	-16.35917441
144.0017759	-16.24645325
144.9493206	-12.76455119
145.9493206	-7.173304929
146.9493206	-0.999131312
147.3043911	1.022176048
147.6594617	2.770722069
148.6594617	5.250165382
149.6594617	4.370691871
150.5118981	2.558149551
151.5118981	0.572878818
152.5118981	0.62795309
153.4482604	1.018680834
154.4482604	1.704752906
155.4482604	2.427241844
156.4482604	2.977546089
156.7475259	3.06415915
156.8609368	3.075596211
156.9743478	3.073029983
157.07909	3.081990591
157.2217416	3.073997917
157.4266791	3.08675609
157.5940184	3.083781528
157.7312532	3.076761616
157.9213932	3.053521933
158.7552953	2.414169615
159.7552953	-1.014250477
160.7552953	-7.351966585
161.7552953	-13.51473893
162.3315146	-15.48722893
162.907734	-15.8526432
163.5156602	-15.32482625
164.5156602	-12.52627496
165.5156602	-7.153192317
166.5156602	0.831630661
167.5156602	10.50590199
168.5156602	18.70241916
169.1678239	21.30832804
169.8199876	20.88760669
170.480357	18.46228444
171.480357	11.92500179
172.2012684	5.974020504
172.7403014	1.332505971
173.2793345	-3.240701626
174.2793345	-10.81266788
175.2793345	-15.99968291
175.9466806	-17.47151282
176.4081232	-17.44079141
176.8695658	-17.12249854
177.198002	-16.7458468
177.5264382	-16.20692605
178.5264382	-13.24694648
179.5264382	-7.857688942
180.5264382	-0.376939793
181.5264382	7.543764826
182.2484175	12.17812842
182.9703969	14.80537666
183.6861456	14.80498846
184.4022721	13.34998522
185.4022721	9.139390933
186.4022721	3.342078141
187.4022721	-1.994059031
188.4022721	-5.167163234
188.7025824	-5.553225957
188.9139929	-5.659584054
189.1254035	-5.686138145
189.297971	-5.676684211
189.4450827	-5.655666109
189.7182995	-5.584684721
189.9226999	-5.556977435
190.1271003	-5.560888811
190.2969725	-5.555045652
190.4367369	-5.558030944
190.5610001	-5.545188775
190.7366242	-5.533791517
190.8858037	-5.513488892
191.0248939	-5.509852688
191.1639841	-5.499891036
191.2781851	-5.494799125
191.3839271	-5.486020198
191.576214	-5.489350861
191.7685009	-5.468198424
191.9288958	-5.43729624
192.082516	-5.424917756
192.2361362	-5.402979644
192.5253824	-5.320920598
192.8146285	-5.272064535
192.9953363	-5.262645017
193.1760441	-5.227672801
193.4530721	-5.208152627
193.6713162	-5.196243345
193.8895604	-5.127919808
194.8895604	-4.784196559
195.8895604	-4.078059511
196.8895604	-2.989210195
197.494565	-2.382216434
197.7142805	-2.226009446
197.9339961	-2.124059125
198.1291819	-2.089856503
198.3605234	-2.110833389
198.591865	-2.138968355
198.7156289	-2.135825974
198.8393928	-2.148876709
199.005814	-2.151645488
199.1484121	-2.166408294
199.2744295	-2.185246613
199.4770743	-2.1960178
199.6797191	-2.229885233
200.2461377	-2.586632956
200.8125563	-2.982161783
201.4125054	-3.166482249
201.6079741	-3.167813451
201.8034428	-3.192855532
201.965717	-3.218068047
202.0875966	-3.214481234
202.2094762	-3.211654406
202.3206053	-3.208491101
202.4238295	-3.203368013
202.5751979	-3.212719973
202.7080675	-3.215505297
202.8277106	-3.212355387
202.937277	-3.209213331
203.0355387	-3.209973398
203.129136	-3.201508747
203.2692207	-3.190288196
203.3935247	-3.168539054
203.5984132	-3.154324651
203.8033018	-3.143073489
203.9732753	-3.091762346
204.8231431	-2.787138376
205.8231431	-1.976779373
206.8231431	-0.552263044
207.4958953	0.55539896
208.1686474	1.44419864
208.6467377	1.693714873
209.1248279	1.533642701
209.2958342	1.496245755
209.4668404	1.479674623
209.6122319	1.449808587
209.8438132	1.432063181
210.0286181	1.422983355
210.2134229	1.372049075
211.1374473	1.071475793
212.1374473	0.380751712
213.1374473	-0.503605061
213.7096134	-0.849375115
214.0924504	-0.940861764
214.3679006	-1.011927014
214.5730505	-1.041288244
214.7782003	-1.035418527
214.9463123	-1.052509759
215.0899634	-1.072699707
215.3131506	-1.067281523
215.5363378	-1.084767365
215.6764674	-1.104283488
215.8165969	-1.101842028
215.9406699	-1.105914191
216.0533385	-1.113837207
216.1576433	-1.118588007
216.2520047	-1.115832533
216.3425158	-1.10988006
216.4700024	-1.120934058
216.6559349	-1.112014704
216.8114036	-1.129300381
217.012791	-1.115898588
217.1784714	-1.10446957
217.3202857	-1.091923319
217.5144265	-1.106132959
217.6770089	-1.11387443
217.8176499	-1.098316965
217.9987556	-1.069057232
218.2200295	-1.05744557
218.399021	-1.036093534
218.573833	-1.038231144
218.7486451	-1.025477864
218.8890316	-1.02522607
219.0294181	-1.008928492
219.1532756	-1.002488125
219.2771332	-0.99556329
219.38964	-0.971826418
219.6037155	-0.928490663
219.8177909	-0.878537203
220.1441128	-0.765800297
221.1441128	0.107398539
222.1441128	1.921203949
223.1441128	3.913055118
223.7429767	4.529041532
223.9367059	4.563707806
224.130435	4.556739902
224.3281433	4.537946203
224.5258516	4.470483889
225.5143929	3.742352377
226.5143929	1.114930335
227.5143929	-4.125474086
228.5143929	-10.66896848
229.5143929	-15.43297731
230.5143929	-15.69295127
231.4644453	-12.74858695
232.4644453	-6.254474538
233.4644453	3.163088223
234.4644453	13.93580922
235.4644453	23.13178701
236.1142068	26.20496525
236.7639682	25.81257977
237.4200974	22.4859762
238.4200974	11.6872093
239.4200974	-4.101028972
240.4200974	-20.08168374
241.1317209	-28.59592006
241.8433444	-33.0727204
242.5641585	-32.68240921
243.2849727	-28.48092664
244.2849727	-17.14280496
245.2849727	-1.057557483
246.2849727	16.75104774
246.9949892	27.99422562
247.7050057	35.65837773
248.7050057	37.15244836
249.629898	29.46247998
250.629898	12.77059898
251.629898	-7.377741776
252.629898	-23.68403587
253.6292717	-31.06541461
254.6292717	-29.43475928
255.4814047	-23.22122985
256.4814047	-11.54936759
257.190932	-1.795305415
257.9004593	7.227551851
258.9004593	15.17259344
259.9004593	15.35862736
260.8347438	12.10469693
261.8347438	8.185843257
262.8347438	5.790953094
263.1329975	5.5072092
263.3417936	5.429056464
263.5505897	5.430380625
263.7207479	5.410926539
263.9377625	5.43324573
264.1127813	5.449967961
264.339856	5.414770493
264.4611912	5.413680644
264.5825264	5.412256998
264.6927259	5.409654472
264.7947529	5.405965585
264.8906766	5.401218363
264.9819778	5.395390593
265.0697385	5.392462783
265.1515541	5.394883862
265.2319358	5.399527288
265.3473439	5.388713849
265.5173487	5.36235618
265.7340533	5.349948645
265.9092436	5.327185725
266.024952	5.313196506
266.1406603	5.303737315
266.3291934	5.261377093
266.5177265	5.205361094
267.3719896	4.618459735
268.3719896	1.76418662
269.3719896	-4.482059019
270.3719896	-11.51075589
270.6614505	-12.87274206
270.9509114	-13.67315773
271.3313342	-13.79801142
271.765652	-13.07171456
272.765652	-8.540260441
273.765652	-1.95191735
274.765652	5.187497443
275.765652	12.30195815
276.7430278	16.10930487
277.7430278	13.68223522
278.596825	6.681717679
279.596825	-4.442867126
280.596825	-12.71587953
281.2501298	-14.63819706
281.9034347	-14.32063692
282.6125253	-13.00490431
283.6125253	-10.00501901
284.6125253	-5.41574194
285.6125253	0.54050131
286.6125253	5.28682947
287.6125253	6.268242858
288.5607991	5.626037353
289.5607991	4.545238108
290.5607991	3.925499627
291.5607991	3.75120484
291.8406485	3.657642482
292.120498	3.543637609
292.718073	3.414336612
293.1049356	3.256204841
293.4917981	3.135421432
293.6318822	3.122700898
293.7719664	3.103969301
293.9898002	3.10477962
294.2076339	3.079007321
294.3839228	3.050491572
294.5124045	3.051990521
294.6408862	3.047549991
294.7564394	3.038196002
294.862592	3.029758258
294.9541048	3.02825274
295.0421864	3.024381573
295.1276159	3.018402301
295.2109816	3.013104098
295.2864081	3.012165258
295.361868	3.009539218
295.4373546	3.00516659
295.5128628	3.001134857
295.5825465	3.000451651
295.653374	2.998055486
295.7251301	2.996460131
295.7949019	2.99728118
295.8658015	2.994260849
295.9440826	2.993485095
296.021819	2.989373054
296.099123	2.984059757
296.2374236	2.985478027
296.3757241	2.97367687
296.4982911	2.956018957
296.695525	2.945255782
296.892759	2.913876161
297.0316167	2.904077867
297.1704744	2.880515279
297.8647628	2.310979657
298.4913979	1.659344697
299.4913979	0.990037432
299.7905604	0.918385937
300.0897228	0.828137205
300.2242675	0.803057993
300.3588121	0.799659069
300.4788727	0.794333085
300.5884761	0.789865102
300.6903721	0.787850224
300.7864931	0.781176181
300.9214168	0.79495589
301.1077893	0.828003032
301.3337476	0.853122154
301.5156181	0.894337035
302.2187249	1.426398397
302.9218317	1.862342941
303.5203669	2.023547797
303.7376669	2.03639995
303.954967	2.076131506
304.2539757	2.161813584
304.3676042	2.183353541
304.4812327	2.192647973
304.586016	2.202536703
305.1099324	2.084462103
305.2795697	2.098012778
305.449207	2.113076575
305.5933457	2.120555037
305.719921	2.105930842
305.8890215	2.096319869
306.03228	2.073968297
306.7485723	2.031807096
307.7485723	1.020221436
308.7485723	-2.642225741
309.7485723	-8.472722497
310.7485723	-12.8097496
311.4718332	-12.65089849
312.1950941	-10.33060723
313.1950941	-4.187554316
314.1950941	3.844997546
315.1950941	12.68962167
316.1950941	20.96140283
316.7500499	23.72167679
317.3050058	24.0896226
317.8822414	22.18257758
318.8822414	12.878171
319.8822414	-2.145654346
320.8822414	-17.77645996
321.8822414	-28.68195832
322.4148014	-31.26907509
322.9473613	-31.30715241
323.5227037	-29.3314991
324.5227037	-21.41135258
325.5227037	-8.500781775
326.5227037	7.526317691
327.2356586	18.88918559
327.9486134	28.05289787
328.9486134	33.81331149
329.9486134	30.30691419
330.7914037	21.69125711
331.7914037	6.343237252
332.7914037	-11.20426206
333.3955893	-20.82158674
333.999775	-28.1821895
334.690314	-32.39893146
335.690314	-29.89220676
336.5581407	-20.80492004
337.5581407	-4.883321875
338.5581407	12.8973906
339.5581407	27.91499977
340.109028	32.54240842
340.6599152	33.10908528
341.2286295	29.56114629
342.2286295	13.61589745
343.2286295	-8.595768688
344.2286295	-26.27544209
345.1934912	-32.70646595
346.1934912	-29.20136218
347.0307219	-21.06447971
348.0307219	-5.694912991
348.7485824	8.34608222
349.4664429	22.90486919
350.1818497	35.09354218
351.1818497	42.88537549
352.1818497	37.0994978
353.0331185	23.07973608
354.0331185	-0.290689035
354.7080979	-16.97056625
355.3830773	-31.71476242
356.1435071	-43.56305885
356.7324552	-47.85235539
357.3214032	-47.25489735
357.9489899	-42.15912041
358.9489899	-25.7854681
359.9489899	-2.208567111
360.9489899	23.57898855
361.6604981	39.64774021
362.3720062	50.61756206
363.3720062	53.32528579
364.2795886	43.33411982
365.2795886	20.45877218
366.2795886	-7.979763561
367.2795886	-31.33847692
368.268539	-41.78746097
368.9972112	-40.57512177
369.7258833	-34.22846324
370.7258833	-19.1240963
371.7258833	0.493972812
372.6961322	17.48992493
373.6961322	25.81702982
374.6961322	23.94501054
375.5671359	17.88200809
376.5671359	8.886387764
377.3859774	1.437529203
378.3859774	-5.99410715
379.3859774	-9.652220424
379.7560491	-9.789709415
380.1261208	-9.652659252
380.4699484	-9.334572792
380.813776	-8.823609828
381.0999222	-8.242265433
381.342127	-7.643486698
381.5374217	-7.09254802
382.5138952	-3.570979982
383.5138952	0.59729535
384.1451356	2.794677584
384.776376	4.055552279
385.4980737	3.929472588
386.2370293	3.217179056
387.2370293	1.174518728
388.2370293	-1.968483033
388.9123361	-4.002869888
389.5876429	-5.247038442
389.832139	-5.412548514
390.0766351	-5.424976931
390.2742298	-5.385012857
390.5308442	-5.352163331
390.7145655	-5.343701791
390.8982868	-5.306897255
391.1837326	-5.285601733
391.4112442	-5.275789993
391.6387559	-5.21095717
392.6387559	-4.993102312
393.3141256	-4.678837497
393.5549115	-4.485510279
393.7956973	-4.235764635
394.0060065	-3.965276117
394.1804402	-3.700967594
394.4241568	-3.266624809
394.8008507	-2.434342472
395.8008507	0.653309198
396.8008507	4.291528173
397.8008507	6.630562902
397.9453888	6.722387715
398.0899268	6.738138367
398.2186627	6.729839129
398.4357407	6.689381384
399.4357407	5.489579108
400.4357407	1.362334293
401.4357407	-5.955329563
402.4357407	-13.90080886
403.4357407	-17.84163115
404.4357407	-15.97830183
405.3217568	-10.83377049
406.3217568	-2.079165781
407.3217568	8.459672618
408.3217568	18.59166528
409.3148682	23.96142758
410.3148682	22.48323349
411.1774805	16.77047191
412.1774805	6.548801027
413.1774805	-4.866679575
414.1774805	-14.97881369
415.1774805	-21.45156358
416.1774805	-22.7859776
417.149794	-21.01567248
418.149794	-16.13075168
419.149794	-8.420033107
419.811376	-2.287228464
420.3317761	2.742591634
420.8521761	7.668434627
421.8521761	15.74945143
422.8521761	20.5284324
423.8521761	21.06420479
424.8085822	19.62737774
425.8085822	15.37781156
426.8085822	7.047313938
427.8085822	-5.536811345
428.8085822	-20.29551666
429.8085822	-32.03374439
430.5134211	-34.97069197
431.2182599	-32.70308366
431.9748278	-25.57557584
432.9748278	-10.33731843
433.9748278	8.467756563
434.9748278	27.2250331
435.9748278	40.77409447
436.8047735	43.81402926
437.6051645	39.41657346
438.6051645	24.30938605
439.6051645	2.962213789
440.6051645	-17.60391864
441.6051645	-31.88490814
442.2400772	-36.14228471
442.87499	-36.3211035
443.5509127	-33.27841292
444.5509127	-23.64419392
445.5509127	-9.95570585
446.5509127	3.954152497
447.5509127	14.29199399
448.5509127	19.03245511
449.5509127	18.72852946
450.5060355	17.56436273
451.5060355	16.19328531
452.1119459	15.04736225
452.7178563	13.40111603
453.41303	10.54181973
454.41303	4.130005172
455.41303	-4.506891874
456.41303	-12.70941586
457.41303	-16.50792991
458.41303	-15.20261025
459.2953881	-11.78954992
460.2953881	-6.340032103
460.9726243	-2.285986944
461.6498604	1.450392836
462.4071956	4.233037812
463.4071956	4.390373034
464.3752203	2.828155127
465.3752203	0.857010845
465.6789695	0.513763801
465.8949399	0.411296214
466.1109103	0.390915121
466.2898295	0.402890798
467.1844256	0.561891267
467.9038693	1.353757182
468.9038693	2.598588127
469.9038693	3.589866223
470.9038693	4.065358695
471.5267918	3.843904417
472.1497143	3.671841659
473.1497143	2.308814706
474.1497143	-2.280346518
475.1497143	-9.292549528
475.8698267	-13.81219453
476.5899391	-16.28065278
477.3080459	-16.06958976
478.0462227	-14.34933477
479.0462227	-9.954575471
480.0462227	-3.223882698
481.0462227	5.592390748
482.0462227	14.8810114
483.0462227	20.86232532
484.0462227	20.39268154
484.9996948	15.8442551
485.9996948	8.385228443
486.9996948	-0.00824175
487.9996948	-7.927717735
488.9996948	-14.04316738
489.9996948	-17.03350999
490.6310808	-16.97037905
490.8592554	-16.80903049
491.0874301	-16.59977765
491.3959608	-16.22266643
491.6430603	-15.82694561
491.8578636	-15.40139701
492.8578636	-12.1845396
493.8578636	-6.594784018
494.8578636	0.863582768
495.8578636	8.422923588
496.8578636	13.66292081
497.8578636	14.54709606
498.8194925	12.81844154
499.8194925	8.523024391
500.8194925	2.858487821
501.8194925	-2.113413106
502.8194925	-4.904773468
503.1247448	-5.204452571
503.3607546	-5.273015065
503.5967643	-5.284029809
503.7888674	-5.256567384
504.039907	-5.237794232
504.2417488	-5.204002336
504.3990056	-5.18110016
504.5562624	-5.166111561
504.6950766	-5.146404913
504.9463594	-5.147486847
505.1976422	-5.113408284
505.3996192	-5.068845874
505.6859105	-4.99342555
505.933149	-4.954583228
506.1803875	-4.904404962
506.3662755	-4.872976486
506.5521636	-4.85106633
506.7108284	-4.820038356
506.8539085	-4.807004382
506.9969886	-4.784362225
507.1314212	-4.773243179
507.2658539	-4.75095921
507.9380171	-4.270297223
508.380281	-3.963467485
508.8225449	-3.701876262
509.377177	-3.383655034
510.377177	-2.732521907
511.377177	-2.130746668
511.6816825	-2.046911215
511.9167945	-2.022009057
512.0931311	-1.986565653
512.2694678	-1.983623616
512.421338	-1.974377968
512.5560751	-1.964874731
512.6785055	-1.957927999
512.7919035	-1.955020263
512.898557	-1.947093519
513.0463759	-1.964884474
513.26202	-1.971088328
513.4403802	-1.989704743
513.5679934	-1.988988419
513.6956065	-1.997511424
513.9035497	-2.001254126
514.1114929	-2.042024477
514.3848882	-2.063222794
514.5997744	-2.117056699
514.8146607	-2.180197483
515.0949395	-2.236407014
515.2979176	-2.2551293
515.5008958	-2.266045926
515.670848	-2.303077417
516.3367239	-2.720041022
516.5566495	-2.815716162
516.776575	-2.830398729
516.9578358	-2.82861384
517.1134835	-2.812028464
517.3260947	-2.766609601
517.5228253	-2.746251436
517.719556	-2.743989498
517.886689	-2.714191622
518.7223542	-2.65734097
519.7223542	-2.311403823
520.7223542	-1.306539693
521.7223542	0.151750839
522.3442573	0.919001336
522.7436731	1.158084725
522.8894498	1.170428419
523.0352264	1.159205072
523.1653454	1.145898733
523.2841602	1.134141014
523.4804564	1.142266808
523.6767525	1.122939128
523.8418623	1.087110811
523.9722602	1.073182826
524.1026581	1.069265782
524.2124857	1.064476683
524.3973968	1.05196488
524.5823078	0.995066167
525.5068631	0.645278588
526.5068631	-0.03031772
527.2327113	-0.567136416
527.4501633	-0.692672394
527.6676152	-0.792831747
527.9721393	-0.878433579
528.2070535	-0.911995684
528.4419676	-0.971936349
529.01632	-1.272350915
529.2116063	-1.352889535
529.3635523	-1.377710686
529.5154983	-1.397287048
529.7163572	-1.401064783
529.8848043	-1.415489742
530.0311314	-1.423780162
530.1569328	-1.416844584
530.2727855	-1.416402205
530.3812485	-1.42084911
530.5457517	-1.408059947
530.6891489	-1.399553559
530.8176666	-1.392743651
530.9354222	-1.386222152
531.0452325	-1.37913965
531.2066514	-1.39266783
531.4404015	-1.357254755
531.6709917	-1.371244898
531.9015819	-1.378907307
532.0918153	-1.371073772
532.253103	-1.363337304
532.389087	-1.36645864
532.5123771	-1.354404236
532.6892769	-1.341507193
532.8414506	-1.3138972
533.6023194	-0.677008477
534.253101	-0.040755478
534.8227758	0.710241137
535.8227758	2.493516601
536.8227758	4.500148411
537.381702	5.279988943
537.7622493	5.481097754
538.1427966	5.35698193
538.6590115	5.205706114
539.2639118	4.903502976
540.2639118	3.051271038
541.2639118	-1.477881927
542.2639118	-8.155372385
543.2639118	-14.36461863
543.557181	-15.58240909
543.8504503	-16.38893495
544.8504503	-15.60563917
545.8149744	-11.39211947
546.8149744	-3.754184611
547.8149744	6.374644667
548.8149744	17.09515923
549.526497	23.33488143
550.2380195	26.62186319
550.7924766	26.32771665
551.3469338	23.99824399
552.3469338	14.44636951
553.3469338	-0.697878831
554.3469338	-17.13679386
555.3469338	-29.50099157
556.0287789	-33.42618128
556.710624	-32.84988517
557.4243046	-28.56780086
558.4243046	-17.07344016
559.4243046	-0.893955459
560.4243046	16.9074431
561.4243046	31.79958424
562.4243046	37.98446636
563.4243046	32.91377111
564.2839299	20.91780492
565.2839299	1.351756352
566.0042859	-12.79528772
566.7246419	-23.99634776
567.4429343	-30.43122444
568.4429343	-30.48681754
569.4086116	-23.98804664
570.4086116	-12.60117239
571.4086116	1.007075303
572.4086116	12.28090445
573.4086116	16.62420614
574.4086116	14.21392268
575.2747723	10.19615791
575.988301	7.096104884
576.7018296	4.979708052
577.284292	4.225704983
577.3826733	4.188062342
577.4810545	4.175770818
577.5685428	4.171611844
577.654221	4.170324777
577.7392522	4.171434729
577.8236385	4.174662607
577.9075124	4.179708453
577.9909809	4.182654595
578.0709866	4.180901988
578.1513586	4.17657441
578.2697008	4.186740967
578.4401624	4.179801115
578.5882801	4.19555275
578.7793181	4.184925436
578.9418237	4.17648347
579.084277	4.168570009
579.2123088	4.160262903
579.4016836	4.181284834
579.6472866	4.143166212
579.7825637	4.126464553
579.9178408	4.123872618
580.040112	4.116333952
580.152884	4.108117098
580.2504114	4.104800981
580.3445194	4.098315259
580.5083291	4.093992859
580.6721388	4.061633188
581.4911872	3.737198486
582.4911872	1.507732331
583.4911872	-4.012783584
584.4911872	-10.58255294
585.0794286	-12.70081972
585.66767	-12.46109131
586.293624	-10.46659488
587.293624	-4.903964074
588.293624	1.553513116
589.293624	8.158377127
590.0014836	12.53510517
590.7093432	15.14200793
591.2768867	14.85178895
591.8444302	12.67044521
592.8444302	4.293318461
593.8444302	-6.473790009
594.8444302	-13.54448957
595.8266876	-14.3420733
596.7709461	-12.5801142
597.7709461	-9.46410459
598.7709461	-4.853891044
599.7709461	0.963127371
600.7709461	5.405194562
601.7709461	6.035957316
602.7353203	5.13304905
603.7353203	3.970071098
604.3169233	3.566339823
604.8985263	3.386920202
605.070937	3.371419936
605.2433477	3.359777469
605.391936	3.323473862
605.8705574	3.273468515
606.0365548	3.268788667
606.2025522	3.235423924
606.4641317	3.209891039
606.7257112	3.135058863
607.0522636	3.056236495
607.6221001	2.721552011
607.9791142	2.557999314
608.1122344	2.541227346
608.2453546	2.543536
608.3661511	2.539499375
608.4780187	2.531455563
608.5832203	2.52641895
608.679595	2.528780465
608.7729697	2.534288943
608.863209	2.537931575
608.9517562	2.54006017
609.0389737	2.534156335
609.1655658	2.536463913
609.2816046	2.535778538
609.3899278	2.532980177
609.4924492	2.528429839
609.5905536	2.52230412
609.6852618	2.514665321
609.7773379	2.50870747
609.8603979	2.502511861
609.9820585	2.489301206
610.1484484	2.486632335
610.293774	2.474285133
610.4234705	2.460168001
610.6328093	2.466583812
610.842148	2.443559137
611.015833	2.407782362
611.5245724	2.13676415
612.0333119	1.896413112
612.7299252	1.796655237
612.9508959	1.785111913
613.1718667	1.716401271
613.4759619	1.651534818
613.7013611	1.631529629
613.9267602	1.623630908
614.1106451	1.585237785
614.6072281	1.361436193
614.7807095	1.317319211
614.9541909	1.294731306
615.178868	1.325184329
615.4026616	1.369809757
615.6264552	1.397136653
615.8097963	1.439135392
616.5354026	1.985659735
617.2610089	2.359849459
617.5652042	2.408750349
617.8042691	2.414488646
618.0433341	2.4469469
618.1986246	2.444337787
618.3539152	2.457330576
618.4906823	2.474463895
618.6267775	2.473065296
618.7628728	2.478443019
618.8859237	2.488693498
618.9994405	2.49448802
619.1018402	2.49013761
619.1998318	2.488919286
619.2944316	2.481778728
619.4296692	2.488206548
619.5519578	2.492800496
619.6648009	2.494211521
619.7706251	2.491475279
619.8712157	2.483831785
619.967806	2.473983864
620.135249	2.442786201
620.3026921	2.414985166
621.1399072	2.199739696
622.1399072	0.474788129
623.1399072	-4.075829114
624.1399072	-10.12282759
624.7733648	-12.85206249
625.1922646	-13.45855574
625.6111643	-13.12987769
626.1464539	-11.73983515
627.1464539	-6.279504568
628.1464539	1.594896762
629.1464539	10.60098986
630.1464539	19.58063715
631.1319529	24.53596983
632.1319529	22.17033141
632.9960028	13.94550086
633.9960028	-1.110613768
634.9960028	-17.14518114
635.9960028	-28.63416186
636.8215391	-31.98791167
637.8215391	-28.8083694
638.7037057	-21.24657029
639.7037057	-8.057928633
640.7037057	8.149698605
641.4179212	19.57105059
642.1321366	28.68253964
643.1321366	34.15829392
644.1321366	30.21960446
644.9887787	21.04250753
645.9887787	5.310000172
646.9887787	-12.32841347
647.714747	-23.49092494
648.2605396	-29.49286324
648.8063322	-32.56069017
649.174443	-32.70801963
649.5425538	-31.59233202
650.5425538	-22.63801469
651.5425538	-7.174009625
652.5425538	10.71228219
653.5425538	26.50003584
654.5313967	33.67791928
655.5313967	27.66037747
656.409298	12.3143777
657.409298	-10.28169903
658.409298	-27.7917012
659.0264118	-32.90433496
659.6435256	-33.30288754
660.3023206	-30.16728482
661.3023206	-19.76309652
662.3023206	-3.23848603
663.3023206	17.22197345
664.2952522	35.3464881
665.2952522	43.68613834
666.2952522	38.36721637
667.1609759	24.20079876
668.1609759	0.552133823
669.1609759	-24.09946713
670.1609759	-42.44713106
670.987468	-48.73145098
671.987468	-44.41473318
672.8754006	-31.46212343
673.8754006	-9.037948832
674.8754006	17.20205997
675.8754006	40.82489497
676.8754006	54.01609208
677.8754006	51.0322696
678.8024654	35.31177326
679.8024654	8.502752844
680.8024654	-19.61744946
681.8024654	-38.57306929
682.4112143	-42.9908469
682.8493283	-42.77243907
683.2874423	-40.49896712
684.2874423	-29.14007473
685.2874423	-11.11956679
686.2874423	9.025430771
687.1189132	21.84368569
687.7857496	26.71621557
688.4525861	26.19101502
689.1385229	22.1961955
690.1385229	13.21659056
691.1281507	3.429684489
692.1281507	-5.061698898
693.1281507	-10.08239217
694.1281507	-10.4002659
694.779829	-9.342908868
695.4315074	-7.492430091
695.7276704	-6.436122826
696.0238335	-5.265253412
697.0238335	-0.798904224
698.0238335	3.337993857
699.0238335	5.26717493
700.0238335	4.827676194
700.8959186	3.447010665
701.8959186	0.348424784
702.8959186	-3.454596129
703.8959186	-5.903836846
704.8959186	-5.780890489
705.8679337	-5.577863326
706.8679337	-5.449872002
707.5445709	-5.096576424
707.7862199	-4.868486491
708.0278689	-4.573141331
708.3587126	-4.049754357
708.6310023	-3.506165361
708.995854	-2.608921724
709.995854	0.751022451
710.995854	4.616445884
711.995854	7.036206708
712.1417381	7.124417985
712.2876222	7.130930113
712.4922488	7.102090444
713.4922488	6.014693561
714.4922488	2.055982541
715.4922488	-5.208073164
716.4922488	-13.45438944
717.4922488	-18.09798514
718.4922488	-17.04353574
719.3822579	-12.36880445
720	-7.401378191
